PID,Product Name,Category,Final Price,Initial Price,Color,Primary Color,Fabric
CL0036386, Ikat stripe print cotton knit dress, Dress,84.95,33.95, Blue/navy/white, Blue, Cotton Spandex
CL0030567, Feminine pleated knit dress, Dress,59.95,41.95, Navy blue, Navy blue, Cotton Spandex
CL0032320, Floral embellished chambray denim maxi dress, Dress,96.95,67.95, Deep indigo, Deep indigo, Cotton
CL0036700, Dot print cap sleeve shirt, Top,49.95,19.95, White/navy, White, Cotton
CL0036365, Layered asymmetric hem hacci knit top, Top,69.95,27.95, Blue, Blue, Polyester
CL0035569, Sash waist chambray dress, Dress,69.95,48.95, Indigo, Indigo, Cotton
CL0036404, Star signs stripe waist cotton dress, Dress,116.95,46.95, Cream/navy, Cream, Cotton
CL0035516, Floral vine print cotton dress, Dress,69.95,48.95, Off-white/teal multi, Off-white, Cotton Spandex
CL0036337, Circle print diamond knit dress, Dress,59.95,41.95, White/green/black, White, Cotton Spandex
CL0036375, Balloon print cotton knit dress, Dress,69.95,27.95, White/black, White, Cotton Spandex
CL0036422, Side button stripe knit tunic, Top,54.95,21.95, Sunset yellow/white, Sunset yellow, Cotton Spandex
CL0030370, Pleat waist poplin shirtdress, Dress,59.95,41.95, Deep navy, Deep navy, Cotton
CL0034667, Anchor embellished colorblock dress, Dress,86.95,60.95, White/deep navy, White, Cotton
CL0033768, Tie neck poplin dress, Dress,59.95,44.95, Black, Black, Cotton
CL0033569, Denim chambray full skirt, Skirt,69.95,48.95, Deep indigo, Deep indigo, Cotton
CL0036693, Graphic flying bird print cotton dress, Dress,89.95,35.95, Black/off-white, Black, Cotton
CL0034401, Chambray denim scallop trim shirt, Top,56.95,37.95, Indigo, Indigo, Cotton
CL0036459, Stretch crepe tailored shorts, Pant,58.95,35.95, Black, Black, Polyester Spandex
CL0035179, Virginia dress, Dress,66.95,66.95, Black, Black, Cotton
CL0035573, Havana dress, Dress,69.95,69.95, Black, Black, Cotton
CL0034047, Aurora dress, Dress,99.95,99.95, Black, Black, Cotton Nylon
CL0035322, Mandarin collar chambray shift dress, Dress,59.95,38.95, Indigo/black, Indigo, Cotton
CL0031510, Draped cotton knit top, Top,59.95,41.95, Deep navy, Deep navy, Cotton Spandex
CL0030235, Cotton knit curved waist dress, Dress,59.95,41.95, Navy blue, Navy blue, Cotton Spandex
CL0035941, Pink flamingo print jacquard dress, Dress,79.95,51.95, White/pink/black, White, Polyester
CL0029095, Maritime tee, Top,49.95,34.95, Bottle green, Bottle green, Cotton Spandex
CL0036440, Floral embellished knit peasant top, Top,71.95,28.95, Tomato red, Tomato red, Viscose
CL0032769, Floral spray embroidered dress, Dress,86.95,60.95, Navy blue/orange, Navy blue, Cotton Spandex
CL0036421, Paisley print sash tied sheath dress, Dress,119.95,47.95, Deep gray multi, Deep gray multi, Cotton
CL0036417, Asymmetric layered stretch crepe dress, Dress,109.95,65.95, Black, Black, Polyester Spandex
CL0036384, Banded V-neck graphic print dress, Dress,94.95,37.95, Olive/brown/off-white, Olive, Cotton
CL0036808, Blouson cotton knit dress, Dress,59.95,41.95, Deep navy, Deep navy, Cotton Spandex
CL0032116, Embellished cotton voile tunic dress, Dress,76.95,50.95, Off-white/deep navy, Off-white, Cotton
CL0036708, Contrast trim balloon print maxi dress, Dress,79.95,31.95, White/black, White, Cotton Spandex
CL0034907, Denim chambray sash tie shirt, Top,44.95,31.95, Deep indigo, Deep indigo, Cotton
CL0034412, Notch neck dandelion print cambric blouse, Top,39.95,19.95, Yellow/white, Yellow, Cotton
CL0034431, Two tone curved waist knit dress, Dress,74.95,56.95, Crimson/deep navy, Crimson, Cotton Spandex
CL0035999, Check print two-buckle belt dress, Dress,99.95,69.95, Cream multi, Cream multi, Cotton
CL0031441, Knot front jersey knit dress, Dress,64.95,45.95, Deep navy, Deep navy, Cotton Spandex
CL0031126, Cotton knit button-tabbed jacket, Jacket,69.95,48.95, Deep navy, Deep navy, Cotton Spandex
CL0036424, Floral lace bib cold shoulder top, Top,69.95,41.95, Black, Black, Polyester
CL0027920, Belted poplin skirt, Skirt,52.95,37.95, Black, Black, Cotton
CL0035268, Pleated cotton poplin midi skirt, Skirt,59.95,41.95, Black, Black, Cotton
CL0033754, Folk embellished cotton knit top, Top,71.95,53.95, Bottle green/black, Bottle green, Cotton Spandex
CL0036798, Citron floral print dress, Dress,64.95,45.95, Citron multi, Citron multi, Cotton Spandex
CL0036696, Embellished crinkle gauze caftan dress, Top,76.95,30.95, Pink/blue, Pink, Cotton
CL0036797, Vintage denim chambray dress, Dress,64.95,45.95, Indigo, Indigo, Cotton
CL0035507, Stretch twill wide leg pants, Pant,99.95,59.95, Navy, Navy, Cotton Polyester Spandex
CL0035581, Skater style cotton knit dress, Dress,64.95,45.95, Navy, Navy, Cotton Spandex
CL0036439, Cowl neck light jersey tunic, Top,49.95,19.95, Tomato red, Tomato red, Viscose Spandex
CL0036379, Split neck melange knit tunic dress, Dress,79.95,31.95, Denim blue, Denim blue, Polyester Rayon Spandex
CL0034234, Floral print chiffon peasant blouse, Top,49.95,29.95, Navy multi, Navy multi, Polyester
CL0036454, Stripe cotton knit oversized tee, Top,59.95,23.95, Black/beige, Black, Cotton Spandex
CL0036489, Elastic belted jersey knit dress, Dress,89.95,53.95, Loden green, Loden green, Viscose Spandex
CL0032643, Embellished bib voile trapeze dress, Dress,66.95,43.95, Cream, Cream, Cotton
CL0026994, Lilian dress, Dress,59.95,59.95, Black, Black, Cotton
CL0034997, Pastel floral cotton chambray dress, Dress,96.95,63.95, Indigo multi, Indigo multi, Cotton
CL0035962, Woven check halter dress, Dress,64.95,42.95, Loden/navy/off-white, Loden, Cotton
CL0035205, Floral embellished chambray shift dress, Dress,86.95,56.95, Indigo/red/beige, Indigo, Cotton
CL0035885, Tulle layer chambray floral dress, Dress,86.95,56.95, Deep indigo/black, Deep indigo, Cotton Polyester
CL0034298, Paisley print elephant border midi dress, Dress,64.95,42.95, Beige/black, Beige, Polyester Crepe de Chine
CL0036366, Floral embellished hacci knit dress, Dress,126.95,50.95, Blue/gold, Blue, Polyester
CL0036406, Floral tile print stretch cotton shift dress, Dress,94.95,37.95, Navy multi, Navy multi, Cotton Spandex
CL0036545, Roll tab sleeve melange knit tunic, Top,59.95,35.95, Light melange gray, Light melange gray, Viscose Spandex
CL0032028, Denim chambray cotton shirtdress, Dress,64.95,45.95, Deep indigo, Deep indigo, Cotton
CL0036396, Landscape art print stretch crepe dress, Dress,144.95,57.95, Multicolor, Multicolor, Polyester Spandex
CL0032757, Dahlia crinoline, Skirt,79.95,55.95, Black, Black, Polyester
CL0036725, Tropical floral print skater dress, Dress,89.95,35.95, Deep navy multi, Deep navy multi, Cotton Spandex
CL0036414, Sash tie jersey blouson dress, Dress,119.95,71.95, Heather gray, Heather gray, Viscose Spandex
CL0035605, Cowl neck birdsong dress, Dress,86.95,60.95, Navy blue, Navy blue, Cotton Spandex
CL0036492, Floral print mixed media maxi dress, Dress,74.95,37.95, Black multi, Black multi, Polyester Crepe de Chine
CL0035568, Embellished bib cotton voile tunic, Top,56.95,34.95, White/blue, White, Cotton
CL0035420, Chambray denim seamed empire sheath dress, Dress,64.95,42.95, Deep indigo, Deep indigo, Cotton
CL0036451, Polka dot jacquard colorblock knit dress, Dress,114.95,45.95, Deep navy/cream, Deep navy, Cotton Polyester
CL0035639, Elastic belted jersey stripe dress, Dress,89.95,62.95, Beige multi, Beige multi, Rayon Polyester Spandex
CL0026896, Pintuck pleat poplin skirt, Skirt,52.95,37.95, Black, Black, Cotton
CL0036086, Graphic obi belt colorblock cotton knit dress, Dress,106.95,80.95, Bottle green/deep navy/white, Bottle green, Cotton Spandex
CL0032796, Pintucked bib chambray trapeze dress, Dress,64.95,45.95, Deep Indigo, Deep Indigo, Cotton
CL0036742, Embellished tulle yoke chiffon print dress, Dress,91.95,36.95, Blush multi, Blush multi, Polyester
CL0036385, Graphic hat print shift dress, Dress,79.95,31.95, Black/off-white, Black, Cotton
CL0030578, Draped toga knit dress, Dress,59.95,38.95, Black, Black, Cotton Spandex
CL0035889, Contrast floral embroidery poplin dress, Dress,101.95,71.95, Deep navy/white, Deep navy, Cotton
CL0036338, Floral print diamond knit dress, Dress,59.95,41.95, White/fuschia/brown, White, Cotton Spandex
CL0036703, Button front geo print knit tunic, Top,49.95,19.95, White/green/black, White, Cotton Spandex
CL0036561, Trapunto trim denim chambray dress, Dress,59.95,41.95, Deep indigo, Deep indigo, Cotton
CL0035685, Piped trim floral print voile dress, Dress,89.95,58.95, Black/white/yellow, Black, Cotton
CL0035816, Split neck soft crepe top, Top,39.95,25.95, Off-white, Off-white, Polyester Crepe de Chine
CL0034393, Ruched pleat cotton knit dress, Dress,74.95,52.95, Deep navy, Deep navy, Cotton Spandex
CL0035968, Split neck gingham check sheath dress, Dress,64.95,42.95, Mint green/off-white, Mint green, Cotton Spandex
CL0035566, Pleated diamond knit dress, Dress,64.95,42.95, Deep navy, Deep navy, Cotton Spandex
CL0036803, Blouson cotton knit dress, Dress,59.95,44.95, Royal blue, Royal blue, Cotton Spandex
CL0036809, Tie-neck cotton knit dress, Dress,64.95,48.95, Bottle green, Bottle green, Cotton Spandex
CL0036353, Olivia dress, Dress,59.95,29.95, Sunset gold, Sunset gold, Cotton
CL0035578, Cotton knit fit-and-flare dress, Dress,74.95,56.95, Royal blue, Royal blue, Cotton Spandex
CL0035928, Jacquard check banded collar blazer, Jacket,99.95,59.95, Black/white, Black, Polyester Spandex
CL0034569, Colorblock stripe cotton knit dress, Dress,69.95,45.95, Royal blue/bottle green/black, Royal blue, Cotton Spandex
CL0029087, Cotton knit shirtdress, Dress,64.95,48.95, Bottle green, Bottle green, Cotton Spandex
CL0036748, Graphic print notch neck dress, Dress,109.95,43.95, White/teal/lime/violet, White, Cotton
CL0025087, Draped neck tulle tank, Top,51.95,33.95, Black/navy, Black, Polyester
CL0034527, Paisley embellished voile tunic dress, Dress,76.95,46.95, White multi, White multi, Cotton
CL0036298, Bow tied bird print crepe romper, Jumpsuit,74.95,48.95, Rich cream multi, Rich cream multi, Polyester Crepe de Chine
CL0035878, Chambray denim long skirt, Skirt,59.95,41.95, Indigo blue, Indigo blue, Cotton
CL0034754, Butterfly embellished colorblock dress, Dress,81.95,53.95, Juniper/black, Juniper, Cotton
CL0029200, Trellis waist cotton knit dress, Dress,64.95,48.95, Royal blue, Royal blue, Cotton Spandex
CL0034214, Two tone bird print cotton dress, Dress,99.95,64.95, White/navy, White, Cotton
CL0036393, Piped trim polka dot print dress, Dress,119.95,47.95, Off-white/navy, Off-white, Cotton
CL0036367, Hacci knit dolman sleeve tee, Top,79.95,31.95, Denim blue/black, Denim blue, Polyester
CL0035279, V-neck jersey trapunto yoke top, Top,49.95,24.95, Loden green, Loden green, Polyester Spandex
CL0035035, Stretch cotton sateen wrap skirt, Skirt,69.95,34.95, Deep navy, Deep navy, Cotton Spandex
CL0036050, Floral embellished chiffon blouson tank, Top,61.95,30.95, Aqua, Aqua, Cotton
CL0035406, Contrast trim floral embellished chambray dress, Dress,106.95,69.95, Deep indigo multi, Deep indigo multi, Cotton
CL0036640, Polka dot voile print keyhole dress, Dress,89.95,44.95, Royal blue/off-white, Royal blue, Cotton
CL0035994, Polka dot stretch cotton blend bermuda shorts, Pant,49.95,34.95, Gray/off-white, Gray, Cotton Polyester Spandex
CL0035153, Grace dress, Dress,66.95,66.95, Black, Black, Cotton
CL0032653, Cotton poplin A-line shirtdress, Dress,59.95,41.95, Black, Black, Cotton
CL0029089, Draped seam knit dress, Dress,59.95,44.95, Bottle green, Bottle green, Cotton Spandex
CL0031683, Piped trim cotton knit dress, Dress,69.95,48.95, Deep navy/black, Deep navy, Cotton Spandex
CL0036724, Floral print georgette maxi dress, Dress,119.95,47.95, Pale blue/orange multi, Pale blue, Polyester
CL0034544, Cotton poplin tunic shirt, Top,39.95,19.95, White, White, Cotton
CL0033649, Floral print piped trim dress, Dress,79.95,51.95, White/navy multi, White, Cotton
CL0035883, Contrast trim poplin dress, Dress,64.95,45.95, Deep navy/white, Deep navy, Cotton
CL0034462, Spectacle embellished poplin full skirt, Skirt,81.95,57.95, Black/royal blue, Black, Cotton
CL0035853, Flowy floral organza print top, Top,76.95,46.95, Aqua/orange, Aqua, Polyester Nylon
CL0035852, Ruffle sleeve chiffon print tunic, Top,59.95,35.95, Off-white/black, Off-white, Polyester
CL0036002, Floral embellished woven check maxi dress, Dress,136.95,89.95, Teal/light blue, Teal, Cotton
CL0029448, Cotton knit high/low hem top, Top,64.95,48.95, Bottle green, Bottle green, Cotton Spandex
CL0030582, Tie-front jersey knit top, Top,39.95,29.95, Crimson, Crimson, Cotton Spandex
CL0036747, Graphic mixed fruit print dress, Dress,109.95,43.95, Off-white/red/navy, Off-white, Cotton
CL0034505, Floral embroidered cotton knit skirt, Skirt,76.95,50.95, Black multi, Black multi, Cotton Spandex
CL0033342, Split neck cotton knit tunic, Top,44.95,29.95, Bottle green, Bottle green, Cotton Spandex
CL0034652, Colorblock hem floral print dress, Dress,119.95,71.95, White/light blue, White, Cotton Spandex
CL0035991, Split neck graphic print sheath dress, Dress,124.95,62.95, Off-white/teal multi, Off-white, Cotton
CL0035501, Stretch ponte knit wide leg pants, Pant,99.95,59.95, Black, Black, Rayon Nylon Spandex
CL0029110, Grecian goddess knit dress, Dress,64.95,32.95, Royal blue, Royal blue, Cotton Spandex
CL0036233, Floral scallop drawstring maxi dress, Dress,106.95,69.95, Surf blue/white, Surf blue, Cotton
CL0036535, Floral embellished mesh surplice blouse, Top,79.95,51.95, Off-white, Off-white, Polyester
CL0035485, Cotton chambray denim mini skort, Pant,59.95,35.95, Deep indigo, Deep indigo, Cotton
CL0035631, Flowy watercolor print satin top, Top,49.95,32.95, Lime/pink/peach, Lime, Polyester
CL0036152, Floral crochet lace crop top, Dress,54.95,27.95, Black, Black, Cotton
CL0036732, Tiered summer print maxi skirt, Skirt,109.95,43.95, Yellow/off-white, Yellow, Cotton
CL0036016, Cap sleeve cotton poplin shirt, Top,49.95,32.95, White, White, Cotton
CL0035618, Two tone colorblock cotton knit dress, Dress,74.95,48.95, Black/deep navy, Black, Cotton Spandex
CL0033897, Floral embellished cotton knit sheath, Dress,86.95,86.95, Black multi, Black multi, Cotton Spandex
CL0035160, Sash tied denim chambray dress, Dress,64.95,42.95, Deep indigo, Deep indigo, Cotton
CL0034365, Raindrop embellished poplin skirt, Skirt,76.95,50.95, Black multi, Black multi, Cotton
CL0035868, Floral print chiffon surplice dress, Dress,94.95,47.95, Yellow/red multi, Yellow, Polyester
CL0036621, Bow tied gingham check dress, Dress,101.95,50.95, Cream/red/teal, Cream, Cotton
CL0035788, Split neck vibrant chiffon top, Top,44.95,29.95, Red, Red, Polyester
CL0033639, Chambray denim tunic shirt, Top,49.95,32.95, Deep indigo, Deep indigo, Cotton
CL0035374, Cotton sateen twill cargo pants, Pant,79.95,47.95, Smoke blue, Smoke blue, Cotton Spandex
CL0032926, Floral folk chambray denim top, Top,66.95,43.95, Deep indigo, Deep indigo, Cotton
CL0035872, Floral stretch sateen utility cargo pants, Pant,79.95,31.95, Beige multi, Beige multi, Cotton Spandex
CL0035724, Floral print crepe A-line dress, Dress,74.95,48.95, Black multi, Black multi, Polyester Crepe de Chine
CL0034540, Bib front cotton jersey knit dress, Dress,74.95,56.95, Royal blue, Royal blue, Cotton Spandex
CL0036372, Contrast seersucker stripe poplin shirtdress, Dress,84.95,33.95, White/black, White, Cotton
CL0034650, Faux button paisley print chambray skirt, Skirt,59.95,29.95, Light indigo/off-white, Light indigo, Cotton Spandex
CL0036452, Tie front crepe palazzo pants, Pant,89.95,35.95, French blue, French blue, Polyamide Spandex
CL0035452, Scallop chambray denim shorts, Pant,49.95,32.95, Deep indigo, Deep indigo, Cotton
CL0034827, Floral embellished white poplin sundress, Dress,96.95,63.95, White/beige/yellow, White, Cotton
CL0036507, Tile print crepe maxi dress, Dress,99.95,49.95, Cream/red, Cream, Polyester Crepe de Chine
CL0036301, Cotton poplin scallop trim shirt, Top,49.95,24.95, Banana yellow, Banana yellow, Cotton
CL0035621, Heart print jersey knit keyhole dress, Dress,79.95,39.95, Black/cream, Black, Polyester Rayon Spandex
CL0034355, Copper embroidered voile tunic, Top,56.95,37.95, Black/copper, Black, Cotton
CL0035783, Elastic belted stripe jersey knit dress, Dress,124.95,62.95, Black/off-white, Black, Polyester Rayon Spandex
CL0035657, Chevron embellished fit-and-flare dress, Dress,71.95,46.95, Off-white/black, Off-white, Polyester Crepe de Chine
CL0034026, Embellished floral organza dress, Dress,89.95,89.95, Off-white/aqua, Off-white, Cotton Polyester
CL0035224, Fit and flare floral tencel dress, Dress,89.95,58.95, Turquoise/fuchsia/green, Turquoise, Tencel
CL0036401, Elastic waist tile print skirt, Skirt,84.95,33.95, Blush/brown/gray, Blush, Cotton Spandex
CL0035846, Floral ruffle cutout back knit tunic, Top,106.95,64.95, Red/blue, Red, Polyester Spandex
CL0036258, Galloping horses print cotton wrap dress, Dress,74.95,48.95, Deep navy/beige, Deep navy, Cotton
CL0036064, Graphic stripe crepe elastic waist pants, Pant,79.95,51.95, Black/white, Black, Polyester
CL0036619, Floral embellished fit and flare dress, Dress,126.95,126.95, Black/gray/blue, Black, Polyester
CL0036235, Floral embellished split neck voile dress, Dress,86.95,43.95, White/black, White, Rayon Polyester Spandex
CL0036484, Bird print crepe tank top, Top,39.95,19.95, Off-white/pink/black, Off-white, Cotton
CL0034366, Floral embellished tulle flared skirt, Skirt,66.95,40.95, Black, Black, Polyester
CL0036357, Stripe print chiffon gaucho pants, Pant,89.95,53.95, Black/ecru, Black, Polyester
CL0034704, Illusion floral embellished lace dress, Dress,169.95,169.95, Cream, Cream, Nylon Cotton
CL0035486, Stretch twill ankle pants, Pant,69.95,45.95, Navy, Navy, Rayon Nylon Spandex
CL0034744, Color tipped cotton knit sheath dress, Dress,79.95,39.95, Royal blue/black, Royal blue, Cotton Spandex
CL0036400, Tile print stretch cotton dress, Dress,109.95,43.95, Light blue/taupe/pink, Light blue, Cotton Spandex
CL0036624, Scallop applique banded retro frock, Dress,86.95,43.95, Surf blue/white, Surf blue, Cotton
CL0035150, Layered faux-wrap chambray dress, Dress,79.95,51.95, Deep indigo, Deep indigo, Cotton
CL0033124, Chambray denim A-line shirtdress, Dress,69.95,48.95, Deep indigo, Deep indigo, Cotton
CL0036717, Cotton sateen elastic waist shirtdress, Dress,119.95,47.95, Mayo teal, Mayo teal, Cotton Spandex
CL0035244, Notch collar wrap front top, Top,39.95,25.95, Black/off-white, Black, Polyester
CL0035699, Tie front jersey knit top, Top,44.95,26.95, Red, Red, Polyester
CL0036562, Obi belt cotton eyelet shirtdress, Dress,179.95,107.95, Off-white, Off-white, Cotton
CL0035880, Gingham check cotton belted shirtdress, Dress,69.95,45.95, Black/off-white, Black, Cotton
CL0034416, Lace inset cotton knit sheath dress, Dress,109.95,109.95, Black/blush, Black, Cotton Spandex
CL0035488, Stretch twill ankle pants, Pant,69.95,45.95, Deep gray, Deep gray, Rayon Nylon Spandex
CL0036796, Chevron stripe colorblock maxi dress, Dress,99.95,79.95, White/black, White, Cotton
CL0032666, Embellished floral yoke poplin dress, Dress,96.95,67.95, Black multi, Black multi, Cotton
CL0035918, Floral print cotton gaucho pants, Pant,99.95,59.95, Beige multi, Beige multi, Cotton
CL0034336, Contrast trim sash tied knit shirtdress, Dress,99.95,64.95, Deep navy/white, Deep navy, Cotton Spandex
CL0027426, Beau belle chambray blouse, Top,49.95,34.95, Indigo, Indigo, Cotton
CL0036080, Racerback cutout graphic print shift, Dress,74.95,48.95, Sea green/black multi, Sea green, Polyester Crepe de Chine
CL0034832, Vibrant floral bib maxi dress, Dress,96.95,67.95, Deep navy/coral, Deep navy, Cotton Spandex
CL0035901, Floral scallop drawstring maxi dress, Dress,106.95,64.95, Deep indigo/white, Deep indigo, Cotton
CL0033932, High waisted ponte knit skirt, Skirt,79.95,51.95, Black, Black, Rayon Nylon Spandex
CL0035537, Floral lace A-line dress, Dress,94.95,94.95, Red, Red, Cotton Nylon
CL0035630, Elastic belted stripe knit dress, Dress,109.95,65.95, Black/white, Black, Rayon Nylon Spandex
CL0035919, Tropical floral print cotton empire dress, Dress,89.95,44.95, Multi-color, Multi-color, Cotton Spandex
CL0034414, Her fifties piped trim dress, Dress,79.95,51.95, White/black, White, Cotton
CL0036336, Embellished gingham check shift dress, Dress,96.95,58.95, Yellow/white, Yellow, Cotton
CL0035514, Notch neck contrast trim crepe blouse, Top,39.95,19.95, Aqua/white, Aqua, Polyester Spandex
CL0034656, Denim chambray top stitched skirt, Skirt,74.95,44.95, Deep indigo, Deep indigo, Cotton
CL0036236, Waterfall frill georgette tunic, Top,66.95,33.95, Blush pink, Blush pink, Polyester
CL0036480, Shawl collar sash waist floral crepe dress, Dress,79.95,31.95, Yellow/brown multi, Yellow, Polyester Crepe de Chine
CL0034628, Filigree embellished poplin dress, Dress,96.95,96.95, Black/gold, Black, Cotton
CL0035736, Stripe jersey knit shift dress, Dress,79.95,51.95, Black/white, Black, Rayon Nylon Spandex
CL0032514, Scallop hem denim chambray skirt, Skirt,49.95,32.95, Deep indigo, Deep indigo, Cotton
CL0035116, Georgette split sleeve blouse, Top,44.95,22.95, Red, Red, Polyester
CL0035914, Stripe sash ikat woven dress, Dress,86.95,43.95, Green/off-white/black, Green, Cotton
CL0034807, Floral embellished cotton knit dress, Dress,96.95,72.95, Bottle green/gold, Bottle green, Cotton Spandex
CL0032875, Asymmetric collar cotton knit top, Top,79.95,55.95, Deep navy, Deep navy, Cotton Spandex
CL0035622, Colorblock stripe poplin dress, Dress,79.95,55.95, Black/white, Black, Cotton
CL0036260, Floral embellished empire waist poplin dress, Dress,76.95,53.95, Black multi, Black multi, Cotton
CL0036485, Brooklyn dress, Dress,59.95,29.95, Brown, Brown, Cotton
CL0036653, Contrast trim graphic floral dress, Dress,89.95,62.95, Black/cream, Black, Cotton Spandex
CL0036466, Stretch twill lace trim shorts, Pant,79.95,31.95, Black, Black, Polyamide Spandex
CL0036558, Graphic trim cotton check romper, Jumpsuit,59.95,35.95, Navy/beige multi, Navy, Cotton
CL0036210, Elastic belt denim chambray full skirt, Skirt,79.95,47.95, Deep indigo/black, Deep indigo, Cotton
CL0035678, Sash tie flowy crepe shorts, Pant,59.95,38.95, Deep navy, Deep navy, Polyamide Spandex
CL0035125, Piped trim bird print dress, Dress,94.95,61.95, White/red/navy/yellow, White, Cotton
CL0035163, Belted stripe poplin dress, Dress,79.95,55.95, White/juniper green/deep navy, White, Cotton
CL0034909, Two tone cotton knit wrap style dress, Dress,79.95,55.95, Deep navy/royal blue, Deep navy, Cotton Spandex
CL0036244, Asymmetric layered stretch crepe dress, Dress,89.95,44.95, Black, Black, Polyester Spandex
CL0036713, Floral print banded trim wrap dress, Dress,119.95,47.95, Aqua/white, Aqua, Cotton
CL0033752, Embellished denim chambray pants, Pant,86.95,56.95, Deep indigo/beige, Deep indigo, Cotton
CL0035993, Polka dot mod shift dress, Dress,79.95,47.95, Denim blue/white, Denim blue, Cotton
CL0036739, Handkerchief hem floral chiffon dress, Dress,119.95,47.95, Aqua green multi, Aqua green multi, Polyester Nylon
CL0036231, Pompom trim batik print wrap shorts, Pant,59.95,35.95, Deep indigo/blue/white, Deep indigo, Cotton
CL0036592, Floral embellished scallop collar shirt, Top,76.95,46.95, White, White, Cotton
CL0030747, Jamaica dress, Dress,59.95,59.95, Black, Black, Cotton
CL0035502, Stretch jersey twill wide leg pants, Pant,99.95,59.95, Black, Black, Rayon Polyester Spandex
CL0035808, Contrast banded trim poplin shirtdress, Dress,64.95,42.95, Surf blue/white, Surf blue, Cotton
CL0036792, Floral print two-buckle belt dress, Dress,99.95,64.95, Navy/off-white/rust, Navy, Cotton
CL0036382, Layered asymmetric hem dress, Dress,69.95,27.95, Loden/coral/navy/gray, Loden, Rayon
CL0035797, Trees digital print shift dress, Dress,79.95,51.95, White/black/aqua, White, Polyester
CL0035589, Morgan dress, Dress,64.95,45.95, White, White, Cotton
CL0036645, Pleat sash waist paisley chambray dress, Dress,99.95,69.95, Light indigo/white, Light indigo, Cotton
CL0035804, Banded stripe cotton poplin dress, Dress,79.95,39.95, White/black, White, Cotton
CL0035534, Tie front hacci knit top, Top,49.95,29.95, Gray, Gray, Cotton Polyester
CL0036608, Victoria dress, Dress,59.95,59.95, Brown, Brown, Cotton
CL0035276, Galloping horse jersey knit dress, Dress,79.95,39.95, Deep olive/cream, Deep olive, Polyester Spandex
CL0036787, Embellished stripe waist cotton knit dress, Dress,106.95,64.95, White/olive multi, White, Cotton Rayon Spandex
CL0032867, Button front chambray denim skirt, Skirt,59.95,38.95, Deep indigo, Deep indigo, Cotton
CL0033568, Sequin cap sleeve top, Top,59.95,29.95, Silver gray, Silver gray, Polyester
CL0036479, Palm print crepe tank top, Top,39.95,19.95, Off-white/turquoise/black, Off-white, Cotton
CL0036509, Bold graphic print flared skirt, Skirt,89.95,44.95, Off-white/black, Off-white, Polyester
CL0036309, Floral bloom print crepe skirt, Skirt,99.95,49.95, Lavender/violet multi, Lavender, Polyester Crepe de Chine
CL0036444, Mesh inserts floral sateen skirt, Skirt,94.95,37.95, Off-white/coral/olive, Off-white, Cotton Spandex
CL0036251, Notch neck satin twill blouse, Top,49.95,24.95, Deep coral, Deep coral, Cotton
CL0036383, Two tone asymmetric layer top, Top,84.95,33.95, Beige/black, Beige, Polyester Spandex
CL0035490, Geo jacquard crop pants, Pant,99.95,39.95, Deep navy/off-white, Deep navy, Cotton Polyester
CL0035680, Graphic dot print cotton sateen dress, Dress,79.95,39.95, Teal multi/black, Teal multi, Cotton Spandex
CL0036661, Floral print chiffon sash tied shift dress, Dress,99.95,59.95, Black/cream/gray, Black, Polyester
CL0034631, Graphic geo patch print flared skirt, Skirt,119.95,59.95, Mustard/teal/ivory, Mustard, Wool Nylon
CL0034273, Heart print cotton cambric shirt, Top,39.95,19.95, Blush/off-white/brown, Blush, Cotton
CL0033432, Lace trim floral embellished top, Top,66.95,40.95, Deep navy/white, Deep navy, Cotton Spandex
CL0035793, Bold stripe knit strapless maxi dress, Dress,99.95,49.95, Black/ecru/orange, Black, Rayon Polyester Spandex
CL0033593, Bubble knit sash tied shirtdress, Dress,89.95,53.95, Red/white, Red, Polyester Spandex
CL0035494, Stretch jacquard check crop pants, Pant,89.95,58.95, Black/white, Black, Polyester Spandex
CL0035563, Geo print banded stripe dress, Dress,99.95,59.95, Off-white/khaki, Off-white, Cotton Spandex
CL0036247, Split neck graphic embroidery dress, Dress,99.95,59.95, Off-white/yellow, Off-white, Cotton
CL0034891, Strapless floral embellished tulle dress, Dress,86.95,52.95, Off-white/black, Off-white, Polyester
CL0036737, Floral lace bib cold shoulder top, Top,69.95,27.95, Sunset gold, Sunset gold, Polyester
CL0031919, Cotton knit curved waist dress, Dress,59.95,35.95, Deep navy, Deep navy, Cotton Spandex
CL0035505, Stretch twill wide leg pants, Pant,99.95,64.95, Khaki, Khaki, Cotton Polyester Spandex
CL0036784, Floral stretch sateen utility cargo pants, Pant,89.95,53.95, Beige multi, Beige multi, Cotton Polyester Spandex
CL0036409, Draped light jersey and print tunic, Top,94.95,37.95, Black multi, Black multi, Viscose
CL0035586, Cowl collar with ties ponte dress, Dress,89.95,58.95, Black, Black, Rayon Nylon Spandex
CL0036408, Stripe layered asymmetric hem dress, Dress,119.95,47.95, Black/white, Black, Rayon
CL0035161, Colorblock cotton knit wrap dress, Dress,69.95,52.95, Deep navy/royal blue/white, Deep navy, Cotton Spandex
CL0034410, Graphic embellished two tone knit sheath dress, Dress,66.95,43.95, Royablue/black, Royablue, Cotton Spandex
CL0035249, Floral print chiffon surplice romper, Dress,99.95,59.95, Yellow/red multi, Yellow, Polyester
CL0028929, Belted chambray skirt, Skirt,52.95,34.95, Deep indigo, Deep indigo, Cotton
CL0034465, Asymmetric hem cotton knit dress, Dress,79.95,59.95, Royal blue, Royal blue, Cotton Spandex
CL0035506, Stretch twill wide leg pants, Pant,99.95,59.95, Deep brown, Deep brown, Cotton Polyester Spandex
CL0036156, Butterfly print high-low hem chiffon dress, Dress,89.95,44.95, Deep navy multi, Deep navy multi, Polyester
CL0036714, Bow tie graphic stripe blouse, Top,49.95,19.95, Olive/khaki/brown, Olive, Cotton
CL0035787, Herringbone crepe sash tied jumpsuit, Jumpsuit,99.95,59.95, Sangria, Sangria, Polyester
CL0035865, Banded stripe retro poplin frock, Dress,69.95,45.95, Black/surf blue/white, Black, Cotton
CL0036612, V-neck fit-and-flare dress, Dress,99.95,64.95, Gray/white, Gray, Polyester
CL0036622, Floral embellished elastic waist chambray dress, Dress,86.95,60.95, Indigo multi, Indigo multi, Cotton
CL0035822, Draped light jersey knit tunic, Top,39.95,19.95, Mint green, Mint green, Viscose
CL0036230, Floral embellished low waist cotton knit dress, Dress,86.95,52.95, Deep navy multi, Deep navy multi, Cotton Spandex
CL0036249, Floral print chiffon tassel tie dress, Dress,71.95,46.95, Light blue/off-white, Light blue, Cotton
CL0032095, Leafy vine bib front denim chambray dress, Dress,86.95,56.95, Deep indigo/white, Deep indigo, Cotton
CL0035177, Arbor cotton knit dress, Dress,59.95,44.95, Royal blue, Royal blue, Cotton Spandex
CL0036371, Floral flounce hem sheath dress, Dress,179.95,71.95, Black/baby blue, Black, Cotton Polyester
CL0035937, Floral neck jersey stripe sheath dress, Dress,96.95,58.95, White/black, White, Cotton Rayon Spandex
CL0033934, Alexandra dress, Dress,99.95,99.95, Black, Black, Rayon Nylon Spandex
CL0035079, Roll tab sleeve pullover shirt, Top,49.95,29.95, Deep olive, Deep olive, Polyester Spandex
CL0035891, Cutout dandelion print cotton maxi, Dress,119.95,59.95, Yellow/off-white, Yellow, Cotton
CL0036609, Buckle front dot embellished jersey dress, Dress,126.95,63.95, Denim blue/pink, Denim blue, Polyester Rayon Spandex
CL0034048, Polka dot mesh mermaid dress, Dress,99.95,99.95, Black, Black, Nylon
CL0036600, Tropical print crepe A-line dress, Dress,79.95,47.95, Ecru/green multi, Ecru, Polyester Crepe de Chine
CL0034701, Ashley dress, Dress,179.95,179.95, Blush, Blush, Polyester
CL0035879, Her fifties tropical floral print dress, Dress,79.95,51.95, Off-white multi, Off-white multi, Cotton Spandex
CL0036527, Cactus print crepe jogger pants, Pant,89.95,53.95, Dusty peach multi, Dusty peach multi, Polyester Crepe de Chine
CL0036314, Pretty pink floral print crepe dress, Dress,89.95,53.95, Pink multi, Pink multi, Polyester Crepe de Chine
CL0035899, Pleated denim chambray culottes, Pant,59.95,38.95, Deep indigo, Deep indigo, Cotton
CL0035587, Pleated corset bodice chambray dress, Dress,74.95,48.95, Deep indigo, Deep indigo, Cotton
CL0035841, Fiona dress, Dress,119.95,71.95, Off-white, Off-white, Cotton
CL0034971, Brooklyn dress, Dress,69.95,34.95, Sunset gold, Sunset gold, Cotton
CL0036475, Notch neck belted lace dress, Dress,99.95,39.95, Peach bloom, Peach bloom, Nylon Polyester
CL0034439, Show your stripes knit dress, Dress,64.95,42.95, Cream/black, Cream, Cotton Spandex
CL0036163, Floral embellished chiffon trapeze dress, Dress,99.95,49.95, Cream, Cream, Polyester
CL0035905, Floral embellished chambray denim maxi dress, Dress,106.95,69.95, Deep indigo/white, Deep indigo, Cotton
CL0036322, Floral organza cutout back dress, Dress,99.95,99.95, White/aquamarine, White, Polyester
CL0035861, Graphic embellished chiffon tank, Top,76.95,38.95, Ivory multi, Ivory multi, Polyester
CL0026865, Brooklyn dress, Dress,59.95,59.95, Black, Black, Cotton
CL0035557, Sheer chiffon print kimono top, Top,49.95,32.95, Beige/red/brown, Beige, Cotton Polyester
CL0035957, Piped trim slub weave dress, Dress,99.95,59.95, Yellow, Yellow, Polyester
CL0035262, Cross back bubble check dress, Dress,74.95,44.95, Navy/white, Navy, Polyester Spandex
CL0036269, Olivia dress, Dress,59.95,59.95, Brown, Brown, Cotton
CL0034524, Contrast trim cotton knit shirtdress, Dress,64.95,42.95, Deep navy/green, Deep navy, Cotton Spandex
CL0035648, Sequin trim georgette dress, Dress,106.95,106.95, Deep navy, Deep navy, Polyester
CL0036604, Sequin pleated chiffon dress, Dress,136.95,136.95, Celery green, Celery green, Polyester
CL0036513, Poppy fields print crepe belted shirtdress, Dress,89.95,44.95, Off-white/red/green/yellow, Off-white, Polyester Crepe de Chine
CL0036494, Deep scoop back paisley print dress, Dress,79.95,39.95, White/aqua/purple, White, Polyester Crepe de Chine
CL0036242, Graphic chevron print cotton shirtdress, Dress,99.95,49.95, Navy/white, Navy, Cotton
CL0035837, Sand wash silk maxi shirtdress, Dress,199.95,119.95, Loden green, Loden green, Silk
CL0035730, Scallop stretch crepe shorts, Pant,76.95,46.95, Cream, Cream, Polyester Spandex
CL0036806, Retro chambray shirtdress, Dress,79.95,55.95, Indigo, Indigo, Cotton
CL0034659, Floral print elastic smocked dress, Dress,129.95,77.95, Yellow/red/green, Yellow, Polyester
CL0036649, Embellished bib cotton poplin dress, Dress,74.95,48.95, White, White, Cotton
CL0036168, Floral print racer back jumpsuit, Jumpsuit,99.95,59.95, Gray/yellow, Gray, Polyester
CL0035583, Contrast trim cotton knit dress, Dress,74.95,37.95, Royal blue/black, Royal blue, Cotton Spandex
CL0036789, Tie front crepe palazzo pants, Pant,69.95,41.95, Tiger lily, Tiger lily, Polyamide Spandex
CL0036491, Embellished tulle overlayer floral dress, Dress,136.95,68.95, Yellow/off-white multi, Yellow, Polyester
CL0034625, Piped trim cotton poplin dress, Dress,89.95,53.95, White/black, White, Cotton
CL0036407, Layered asymmetric hem dress, Dress,119.95,47.95, Black, Black, Polyamide Spandex
CL0036113, Diamond print racer back jumpsuit, Jumpsuit,99.95,59.95, Black multi, Black multi, Polyester
CL0036300, Stretch crepe satin long tunic, Top,59.95,29.95, Rose smoke, Rose smoke, Polyester
CL0036339, Animal print crepe caftan dress, Dress,96.95,48.95, Rich cream multi, Rich cream multi, Polyester Crepe de Chine
CL0036647, Ruffle hem cotton check shirtdress, Dress,64.95,42.95, White/gray/pink, White, Cotton
CL0034746, Faux wrap cotton knit dress, Dress,64.95,48.95, Royal blue, Royal blue, Cotton Spandex
CL0036523, Floral print sash tied surplice dress, Dress,94.95,47.95, Beige multi, Beige multi, Cotton Polyester Spandex
CL0035265, Floral lace shift dress, Dress,99.95,99.95, Sunset yellow, Sunset yellow, Polyester
CL0035964, Graphic embellished chiffon tank, Top,106.95,53.95, Ivory, Ivory, Polyester
CL0036094, Graphic print knit pants, Pant,79.95,47.95, Navy/orange, Navy, Polyester
CL0035584, Piped trim cotton knit dress, Dress,69.95,52.95, Royal blue/black, Royal blue, Cotton Spandex
CL0036534, Barely there cap sleeve eyelet blouse, Top,69.95,41.95, White, White, Cotton
CL0034911, Graphic embellished bib cotton knit dress, Dress,86.95,65.95, Royal blue/white, Royal blue, Cotton Spandex
CL0036428, Floral print chiffon asymmetrical tunic, Top,126.95,50.95, Ivory/coral/black, Ivory, Polyester
CL0035390, Asymmetric popover crepe dress, Dress,106.95,64.95, Off-white, Off-white, Polyester Spandex
CL0035803, Chevron banded stripe poplin dress, Dress,69.95,34.95, White/black, White, Cotton Spandex
CL0036615, Stretchy crepe twill tunic dress, Dress,79.95,47.95, Light jade green, Light jade green, Polyester Spandex
CL0035306, Smocked shoulder crepe peasant dress, Top,89.95,44.95, Loden green, Loden green, Polyamide Spandex
CL0032061, Florence dress, Dress,119.95,119.95, Powder blue, Powder blue, Cotton Polyester
CL0036308, Illusion floral embellished cotton dress, Dress,156.95,102.95, White, White, Cotton
CL0032390, Landscape art print A-line skirt, Skirt,94.95,47.95, Blue multi, Blue multi, Polyester
CL0033065, Floral embellished tulle dress, Dress,76.95,76.95, Black, Black, Polyester
CL0033370, Embroidered yoke cotton knit blouse, Top,61.95,37.95, Deep navy, Deep navy, Cotton Spandex
CL0035973, Floral check print ankle pants, Pant,79.95,47.95, Navy/white, Navy, Polyester
CL0036006, Drawstring mosaic print crepe pants, Pant,79.95,47.95, Black/off-white/navy/red, Black, Polyester Spandex
CL0036750, Floral stripe print stretch sateen dress, Dress,109.95,43.95, Off-white/light indigo, Off-white, Cotton Spandex
CL0035984, Paisley embellished organza shift dress, Dress,119.95,119.95, Cream, Cream, Cotton Polyester
CL0036067, Floral embellished knit caftan top, Top,76.95,46.95, Denim blue/beige, Denim blue, Polyester Rayon
CL0035698, Graphic dot print cotton sateen dress, Dress,79.95,39.95, Deep navy multi/white, Deep navy multi, Cotton Spandex
CL0034522, Banded stripe contrast tulle skirt, Skirt,59.95,38.95, Off-white/black, Off-white, Polyester
CL0036130, Emoji embellished jogger pants, Pant,86.95,52.95, Black/white, Black, Polyester
CL0036752, Asymmetric layer popover print dress, Dress,119.95,47.95, Off-white/black/coral, Off-white, Rayon
CL0036539, Woven check cap sleeve shirt, Top,39.95,19.95, Loden/navy multi, Loden, Cotton
CL0035336, Floral embroidery tiered cotton knit dress, Dress,86.95,56.95, Black multi, Black multi, Cotton Spandex
CL0035520, Cotton gingham check shorts, Pant,79.95,47.95, Black/white, Black, Cotton
CL0034683, Chevron print cotton colorblock dress, Dress,74.95,44.95, Navy/white, Navy, Cotton
CL0036345, Lace trim stripe print shirtdress, Dress,89.95,53.95, Olive/khaki/brown, Olive, Cotton
CL0036668, Floral embellished georgette caftan top, Top,71.95,43.95, Strawberry ice/gold, Strawberry ice, Cotton
CL0036423, Mitered stripe print top, Top,64.95,25.95, Multicolor, Multicolor, Rayon
CL0034765, Angled hem drape front tee, Top,39.95,19.95, Mint green, Mint green, Viscose
CL0036606, Scallop hem ponte shift dress, Dress,114.95,68.95, Royal blue, Royal blue, Rayon Nylon Spandex
CL0036115, Embellished bodice tulle gown, Dress,499.95,499.95, Off-white, Off-white, Polyester
CL0036845, Cotton knit elastic drawstring skirt, Skirt,54.95,32.95, Maize yellow, Maize yellow, Cotton Spandex
CL0034592, Stripe trim cotton knit tunic, Top,56.95,34.95, Black/white, Black, Cotton Spandex
CL0036587, Woven check cotton high low shirtdress, Dress,64.95,38.95, Red/Navy/off-white, Red, Cotton
CL0036968, Scallop embellished cotton poplin dress, Dress,96.95,67.95, White/blue, White, Cotton
CL0034147, Floral print crepe A-line dress, Dress,79.95,47.95, Black multi, Black multi, Polyester Crepe de Chine
CL0036977, V-neck strap cotton poplin dress, Dress,59.95,59.95, Deep navy, Deep navy, Cotton
CL0032527, Quilted jacquard ponte bomber jacket, Jacket,109.95,65.95, Black, Black, Rayon Nylon Spandex
CL0036838, Hound dog print contrast trim top, Top,49.95,32.95, White/deep navy, White, Cotton Spandex
CL0036427, Floral print cotton knit wrap dress, Dress,94.95,37.95, White/black multi, White, Cotton Spandex
CL0036497, Tile print elastic waist pants, Pant,74.95,44.95, Cream/red, Cream, Polyester Crepe de Chine
CL0036041, Split neck lace sheath dress, Dress,399.95,399.95, Ivory, Ivory, Silk
CL0034254, Belted parrot print cotton skirt, Skirt,79.95,39.95, Royal blue multi, Royal blue multi, Cotton
CL0036436, Split neck sheath dress, Dress,89.95,35.95, Mayo teal, Mayo teal, Cotton Spandex
CL0036994, Watercolor floral print crepe blouse, Top,59.95,41.95, Off-white/blue multi, Off-white, Polyester Crepe de Chine
CL0036849, Stripe georgette surplice blouson top, Top,59.95,35.95, Black/cream, Black, Polyester
CL0036841, The leanear pleat knit skirt, Skirt,129.95,84.95, Coral, Coral, Viscose Spandex
CL0026089, Havana dress, Dress,69.95,69.95, Poppy red, Poppy red, Cotton
CL0037002, Leaf print crepe sash tie shift dress, Dress,89.95,62.95, Off-white/blue multi, Off-white, Polyester Crepe de Chine
CL0036842, Notch neck stretch crepe blouse, Top,59.95,38.95, French blue, French blue, Polyamide Spandex
CL0026176, Vivid cotton poplin top, Top,39.95,27.95, Poppy red, Poppy red, Cotton
CL0029203, Drape neck cotton knit dress, Dress,59.95,29.95, Royal blue, Royal blue, Cotton Spandex
CL0036666, Floral flutter sleeve textured crepe shift dress, Dress,79.95,47.95, Off-white/aqua/coral, Off-white, Polyester
CL0037053, Floral print wrap detail dress, Dress,129.95,90.95, Beige/off-white multi, Beige, Cotton
CL0037069, Bow tie cutout back cotton knit dress, Dress,74.95,56.95, Purple, Purple, Cotton Spandex
CL0036957, Cotton knit elastic waist maxi dress, Dress,74.95,52.95, Deep navy, Deep navy, Cotton Spandex
CL0033808, Embellished ponte knit pencil skirt, Skirt,106.95,64.95, Black/lavender, Black, Rayon Nylon Spandex
CL0033188, Floral sequin pencil skirt, Skirt,99.95,49.95, Black/green/aqua, Black, Nylon
CL0036551, Banded V-neck crepe tunic, Top,39.95,23.95, Gold, Gold, Polyester Spandex
CL0035113, Sequin chiffon trumpet gown, Dress,136.95,136.95, Ivory, Ivory, Polyester
CL0037022, Floral splash print full skirt, Skirt,69.95,48.95, Beige/fuchsia/black, Beige, Cotton Polyester Spandex
CL0036530, Stretch twill surplice jumpsuit, Jumpsuit,94.95,56.95, Black, Black, Polyamide Spandex
CL0036549, Roll tab sleeve jersey knit tunic, Top,59.95,35.95, Black, Black, Viscose Spandex
CL0036855, Ribbon stripe illusion yoke top, Top,39.95,25.95, Blue/white/brown black, Blue, Polyester
CL0036837, Embellished chevron stripe cotton shift, Dress,76.95,50.95, Navy/white/yellow, Navy, Cotton
CL0036830, Cotton knit elastic drawstring skirt, Skirt,54.95,32.95, Orange, Orange, Cotton Spandex
CL0036929, Contrast collar woven check shirtdress, Dress,74.95,52.95, Beige/navy multi, Beige, Cotton
CL0036853, Tile print satin smocked jumpsuit, Jumpsuit,69.95,41.95, Blue/white/black/brown, Blue, Polyester Spandex
CL0036899, Embroidered jersey sundress, Dress,96.95,58.95, Coral, Coral, Viscose Spandex
CL0033073, Floral embellished cotton knit tee, Top,76.95,46.95, Black multi, Black multi, Cotton Spandex
CL0033122, Sash tie cotton knit shirt, Top,79.95,59.95, Royal blue, Royal blue, Cotton Spandex
CL0037088, Trapunto trim poplin shift dress, Dress,59.95,44.95, Surf blue, Surf blue, Cotton
CL0034795, Notch collar wrap front top, Top,49.95,24.95, Red, Red, Polyester
CL0035695, Floral border print cotton sateen skirt, Skirt,89.95,53.95, White/green multi, White, Cotton Spandex
CL0034517, Chevron stripe colorblock maxi dress, Dress,99.95,79.95, Indigo/deep navy/khaki, Indigo, Cotton
CL0035114, Layered asymmetric hem georgette top, Top,49.95,24.95, Red, Red, Polyester
CL0031290, Piped trim poplin wrap blouse, Top,49.95,37.95, Spring green/black, Spring green, Cotton
CL0036482, Floral print crepe full skirt, Skirt,79.95,31.95, Yellow/brown multi, Yellow, Polyester Crepe de Chine
CL0036563, Pleat front cotton blend skirt, Skirt,79.95,39.95, Deep navy, Deep navy, Cotton Polyester Spandex
CL0037080, Pleated surplice cotton knit dress, Dress,79.95,59.95, Orange, Orange, Cotton Spandex
CL0035729, Pleat waist tailored shorts, Pant,69.95,41.95, Black, Black, Polyester Spandex
CL0036312, Ruffled bird print crepe top, Top,39.95,19.95, Off-white/black/pink, Off-white, Polyester
CL0035300, Layered asymmetric hem crepe top, Top,86.95,52.95, Deep navy, Deep navy, Polyamide Spandex
CL0035305, Layered asymmetric hem crepe top, Top,79.95,47.95, Mandarin orange, Mandarin orange, Polyamide Spandex
CL0035558, Flowy sand wash silk top, Top,129.95,64.95, Red, Red, Silk
CL0035214, Floral embellished voile caftan top, Top,66.95,40.95, White/black, White, Cotton
CL0027313, Chateau cotton poplin dress, Dress,59.95,41.95, Poppy red, Poppy red, Cotton
CL0032640, Floral yoke cotton knit tunic, Top,76.95,46.95, Deep navy multi, Deep navy multi, Cotton Spandex
CL0032858, Retro cotton poplin shirtdress, Dress,59.95,44.95, Khaki, Khaki, Cotton
CL0037051, Bow tie back woven ikat check dress, Dress,69.95,52.95, Red/navy/white, Red, Cotton
CL0035080, Roll tab sleeve pullover shirt, Top,49.95,24.95, Celery green, Celery green, Polyester Spandex
CL0034895, Layered chiffon print swing tank, Top,61.95,37.95, Brown/beige/pink, Brown, Polyester
CL0035147, Sequin chiffon crystal belted dress, Dress,96.95,96.95, Ivory/copper, Ivory, Polyester Metallic
CL0035299, Woven split sleeve blouse, Top,44.95,26.95, Orange, Orange, Rayon
CL0036824, Gold trim floral lace sheath dress, Dress,89.95,89.95, Ecru/gold, Ecru, Cotton Nylon
CL0035510, Pleat front ankle pants, Pant,99.95,59.95, Black, Black, Polyester Spandex
CL0035754, Belted stretch knit pants, Pant,99.95,59.95, Kentucky blue, Kentucky blue, Rayon Polyester Spandex
CL0033702, Sequin front cotton knit tank top, Top,54.95,21.95, Pink/black, Pink, Cotton Polyester Spandex
CL0036472, Split neck palm print crepe dress, Dress,89.95,35.95, Off-white/turquoise/black, Off-white, Polyester Crepe de Chine
CL0034381, Faux wrap cotton knit skirt, Skirt,64.95,48.95, Royal blue, Royal blue, Cotton Spandex
CL0036341, Abstract stripe shark bite tank, Top,59.95,29.95, Beige/black, Beige, Polyester Spandex
CL0036866, Pintuck pleat crinkle cotton trapeze dress, Dress,69.95,45.95, Deep navy, Deep navy, Cotton
CL0035871, Kimono sleeve asymmetric crepe tunic, Top,64.95,32.95, Coral, Coral, Polyester Spandex
CL0036227, Draped kimono knit jacket, Jacket,79.95,47.95, Black/white, Black, Polyester Rayon
CL0035378, Floral embellished flutter sleeve georgette  top, Top,66.95,40.95, Stellar blue, Stellar blue, Polyester
CL0036733, Textured diamond chiffon split neck tunic, Top,59.95,23.95, Turquoise, Turquoise, Polyester
CL0035282, Sash tie jersey blouson top, Top,64.95,32.95, Coral, Coral, Viscose Spandex
CL0036275, Geo print chiffon asymmetrical hem dress, Dress,119.95,71.95, Off-white/navy/gray, Off-white, Polyester
CL0034407, Pleat front cotton knit skirt, Skirt,59.95,35.95, Black, Black, Cotton Spandex
CL0034435, Tulle illusion bodice poplin dress, Dress,59.95,59.95, Khaki/black, Khaki, Cotton
CL0037033, Piped trim cotton poplin top, Top,39.95,29.95, Banana yellow/cream, Banana yellow, Cotton Polyester Spandex
CL0035538, Pleat front cotton blend skirt, Skirt,79.95,47.95, Khaki, Khaki, Cotton Polyester Spandex
CL0035417, Scallop eyelash trim floral lace top, Top,69.95,69.95, Black, Black, Cotton Nylon
CL0036284, Sash tie tencel shirtdress, Dress,99.95,59.95, Turquoise, Turquoise, Tencel
CL0036829, Graphic hound dog print cotton knit skirt, Skirt,54.95,35.95, White/navy, White, Cotton Spandex
CL0035932, Side stripe floral print jogger pants, Pant,99.95,59.95, Navy/aqua/black multi, Navy, Cotton Spandex
CL0035619, Trapunto stitch trim chambray denim dress, Dress,79.95,47.95, Indigo, Indigo, Cotton
CL0035127, Georgette split sleeve blouse, Top,44.95,22.95, Light mint, Light mint, Polyester
CL0035133, Graphic print crepe cutout top, Top,49.95,24.95, Gray/cream, Gray, Polyester
CL0035185, Floral embellished flutter sleeve georgette  top, Top,66.95,40.95, Light mint, Light mint, Polyester
CL0036543, Split neck floral crepe tunic, Top,54.95,32.95, Black/red multi, Black, Polyester Crepe de Chine
CL0036313, Floral sequin colorblock skirt, Skirt,96.95,58.95, Deep indigo/black, Deep indigo, Cotton
CL0035517, Notch neck contrast trim crepe blouse, Top,39.95,19.95, Lavender/white, Lavender, Polyester Spandex
CL0035866, Banded stripe retro poplin frock, Dress,69.95,41.95, Black/poppy red/white, Black, Cotton
CL0035492, Stretch twill ankle pants, Pant,69.95,45.95, Khaki beige, Khaki beige, Rayon Nylon Spandex
CL0036099, Sunshine floral cotton poplin dress, Dress,96.95,72.95, Sunset gold, Sunset gold, Cotton
CL0035731, Pleat waist tailored shorts, Pant,79.95,47.95, Beige, Beige, Polyester Spandex
CL0037044, Daisy dress, Dress,59.95,59.95, Deep navy, Deep navy, Cotton
CL0037007, Eyelet trim floral print chiffon top, Top,49.95,34.95, Off-white multi, Off-white multi, Polyester
CL0036481, Landscape print jersey knit long skirt, Skirt,119.95,47.95, Multi-color, Multi-color, Polyester Spandex
CL0036904, Side button cotton knit skirt, Skirt,49.95,34.95, Orange, Orange, Cotton Spandex
CL0037038, Crisscross hem cotton knit top, Top,39.95,29.95, Orange, Orange, Cotton Spandex
CL0035189, Notch collar wrap front top, Top,49.95,29.95, Navy multi, Navy multi, Polyester
CL0035942, Tile print crepe jogger pants, Pant,99.95,59.95, Black multi, Black multi, Cotton
CL0035983, Floral stretch sateen utility cargo pants, Pant,89.95,53.95, Beige/fuchsia/black, Beige, Cotton Polyester Spandex
CL0035509, Pleat front ankle pants, Pant,99.95,59.95, Beige, Beige, Polyester Spandex
CL0035893, Tencel twill slim ankle pants, Pant,89.95,53.95, Curry yellow, Curry yellow, Tencel
CL0036943, Floral lace empire maxi dress, Dress,99.95,99.95, Coral pink, Coral pink, Polyester
CL0031699, Grace dress, Dress,66.95,50.95, Spring green/black, Spring green, Cotton
CL0035527, Sash tie belt pleated crepe twill skirt, Skirt,79.95,39.95, Loden green, Loden green, Polyamide Spandex
CL0036966, Tie-dye print crepe faux wrap dress, Dress,99.95,69.95, Royal blue/aqua, Royal blue, Polyester Crepe de Chine
CL0035686, Front zip khaki knit jacket, Jacket,99.95,39.95, Khaki, Khaki, Polyamide Spandex
CL0036939, Asymmetric ruffle jersey tank, Top,54.95,38.95, Loden green, Loden green, Viscose Spandex
CL0035843, Stretch knit banded collar blazer, Jacket,129.95,77.95, Light blue/black, Light blue, Rayon Polyester Spandex
CL0035921, Elastic waist bermuda shorts, Pant,94.95,56.95, Khaki, Khaki, Rayon Polyester Spandex
CL0036346, Ruffle front white cotton shirt, Top,39.95,23.95, White, White, Cotton
CL0036961, Graphic wave print cotton dress, Dress,99.95,69.95, Off-white/navy, Off-white, Cotton
CL0034548, Cotton poplin tunic shirt, Top,39.95,29.95, Khaki brown, Khaki brown, Cotton
CL0036544, Light jersey knit cap sleeve shirt, Top,49.95,32.95, Coral, Coral, Viscose Spandex
CL0036854, Layered asymmetric hem chiffon top, Top,64.95,38.95, Light gray/turquoise/black, Light gray, Polyester
CL0037050, Scallop dress, Dress,59.95,59.95, Surf blue, Surf blue, Cotton
CL0036104, Elastic waist side slit maxi skirt, Skirt,59.95,35.95, Denim blue, Denim blue, Viscose Spandex
CL0036537, Cotton eyelet split neck tunic shirt, Top,99.95,59.95, White, White, Cotton
CL0035845, Stripe voile dolman sleeve tunic, Top,59.95,38.95, Black/white, Black, Rayon
CL0036493, Herringbone crepe sash tied jumpsuit, Jumpsuit,99.95,59.95, Black, Black, Polyester
CL0036596, Floral eyelet cotton ruched empire blouse, Top,79.95,51.95, White, White, Cotton
CL0030026, Trellis waist cotton knit dress, Dress,64.95,38.95, Navy blue, Navy blue, Cotton Spandex
CL0030569, Draped front cotton knit dress, Dress,69.95,45.95, Navy blue, Navy blue, Cotton Spandex
CL0032082, Lynette dress, Dress,69.95,69.95, Deep rose, Deep rose, Polyester
CL0033318, Kayla dress, Dress,59.95,59.95, Deep navy, Deep navy, Cotton
CL0036825, High collar floral print top, Top,54.95,35.95, Off-white multi, Off-white multi, Cotton Polyester Spandex
CL0036962, Two tone floral print shift dress, Dress,79.95,55.95, Off-white/deep navy, Off-white, Polyester
CL0034750, Piped trim cotton knit dress, Dress,79.95,47.95, Deep navy/white, Deep navy, Cotton Spandex
CL0034970, Havana dress, Dress,59.95,29.95, Sunset gold, Sunset gold, Cotton
CL0034816, Apron front geo embellished poplin dress, Dress,86.95,52.95, Deep navy/white/red, Deep navy, Cotton
CL0036958, Graphic wave print cotton skirt, Skirt,79.95,55.95, Off-white/navy, Off-white, Cotton
CL0030404, Corset style crepe top, Top,59.95,35.95, Sunset gold/black, Sunset gold, Polyester Spandex
CL0036985, Embellished bib high-low hem dress, Dress,81.95,57.95, Deep navy/coral, Deep navy, Cotton Spandex
CL0036525, Desert rose tie front crepe palazzo pants, Pant,79.95,39.95, Off-white multi, Off-white multi, Polyester Crepe de Chine
CL0036701, Scarf print stretch crepe romper, Jumpsuit,101.95,40.95, Black/off-white multi, Black, Polyester Spandex
CL0034815, Heart embellished cotton knit wrap dress, Dress,96.95,48.95, Royal blue/white, Royal blue, Cotton Spandex
CL0036023, Embellished waist ruched tulle gown, Dress,499.95,499.95, Off-white, Off-white, Polyester
CL0036989, Tipped trim polka dot chambray shirtdress, Dress,109.95,76.95, Light indigo/off-white/deep indigo, Light indigo, Cotton
CL0035894, Stretch chalk check print ankle pants, Pant,89.95,53.95, Off-white/gray, Off-white, Polyester
CL0034243, Chiffon print blouson maxi dress, Top,86.95,60.95, Aqua multi, Aqua multi, Polyester
CL0035437, Abstract print organza asymmetrical tunic, Top,86.95,52.95, Aqua/orange, Aqua, Polyester Nylon
CL0035811, Stripe poplin notch neck dress, Dress,59.95,41.95, Surf blue/white, Surf blue, Cotton
CL0034555, Stripe knit full skirted dress, Dress,74.95,56.95, Royal blue/deep navy, Royal blue, Cotton Spandex
CL0036429, Floral embellished poplin maxi dress, Dress,96.95,67.95, Deep navy/white, Deep navy, Cotton
CL0036433, Floral embellished poplin maxi dress, Dress,96.95,67.95, Black/gold/rust, Black, Cotton
CL0036610, Stripe embellished waistband knit dress, Dress,66.95,46.95, Deep navy multi, Deep navy multi, Cotton Spandex
CL0036627, Scallop applique banded retro frock, Dress,86.95,52.95, Black/white, Black, Cotton
CL0035030, Side pleat cotton knit sheath dress, Dress,59.95,38.95, Deep navy, Deep navy, Cotton Spandex
CL0037037, Chevron stripe colorblock skirt, Skirt,69.95,52.95, Cream/black, Cream, Cotton
CL0034455, Notch V-neck cotton tee, Top,39.95,19.95, Royal blue, Royal blue, Cotton Spandex
CL0036728, Candy print trapunto yoke top, Top,94.95,37.95, Black multi, Black multi, Polyester Crepe de Chine
CL0036863, Jacquard knit drop yoke skirt, Skirt,69.95,41.95, Deep navy, Deep navy, Polyester
CL0036303, Graphic print crepe halter jumpsuit, Jumpsuit,99.95,49.95, White/red, White, Polyester Crepe de Chine
CL0031554, Belted poplin circle skirt, Skirt,64.95,48.95, Spring green, Spring green, Cotton
CL0032367, Embellished birds tulle overlayer denim dress, Dress,106.95,64.95, Black/deep indigo, Black, Cotton Polyester
CL0037005, Floral print banded waist crepe dress, Dress,109.95,82.95, Off-white multi, Off-white multi, Polyester Crepe de Chine
CL0036264, Amelia dress, Dress,69.95,69.95, Brown, Brown, Cotton
CL0036560, Woven stretch crepe jumpsuit, Jumpsuit,79.95,51.95, Pale mauve, Pale mauve, Polyester Spandex
CL0036766, Bold stripe contrast trim knit top, Top,49.95,32.95, Cream/black, Cream, Cotton Spandex
CL0036617, Seamed fit-and flare sateen dress, Dress,79.95,31.95, Mayo teal, Mayo teal, Cotton Spandex
CL0036281, Abstract print crepe cutout top, Top,69.95,41.95, Chocolate/blue/white/black, Chocolate, Polyester Crepe de Chine
CL0032313, Cotton knit fit and flare dress, Dress,69.95,34.95, Deep navy, Deep navy, Cotton Spandex
CL0036999, Watercolor splash print crepe maxi skirt, Skirt,119.95,83.95, Off-white/blue multi, Off-white, Polyester Crepe de Chine
CL0036412, Sash waist cotton blend top, Top,79.95,31.95, Teal green, Teal green, Cotton Polyester Spandex
CL0036751, Patchwork print jogger pants, Pant,94.95,37.95, Black multi, Black multi, Polyester Crepe de Chine
CL0036868, The leanear pleat knit skirt, Skirt,129.95,77.95, Loden green, Loden green, Viscose Spandex
CL0036360, Embroidered light cotton tank, Top,66.95,40.95, Black/gold, Black, Cotton
CL0035958, Two tone check print crepe top, Top,59.95,38.95, White/black, White, Polyester
CL0036630, Woven check sleeveless shirt, Top,39.95,23.95, Orange/navy multi, Orange, Cotton
CL0028333, Embellished tulle overlayer dress, Dress,96.95,96.95, Black/beige, Black, Polyester
CL0036576, Cactus print off-shoulder dress, Dress,79.95,47.95, Dusty peach multi, Dusty peach multi, Cotton
CL0036532, Eyelet and poplin scallop trim tunic, Top,69.95,41.95, White, White, Cotton
CL0036584, Chequered hat print split neck tunic, Top,54.95,32.95, Black/white, Black, Cotton
CL0036662, Floral lace one shoulder sheath dress, Dress,94.95,94.95, Black, Black, Polyester
CL0036777, Floral print chiffon contrast trim top, Top,49.95,29.95, Aqua/orange, Aqua, Polyester
CL0036835, Embellished hem cotton pinstripe full skirt, Skirt,76.95,46.95, White/gold, White, Cotton
CL0036895, Floral gold lace A-line dress, Dress,99.95,69.95, Ecru/gold, Ecru, Cotton Nylon
CL0036470, Split neck lace overlay chambray dress, Dress,89.95,58.95, Indigo/black, Indigo, Cotton
CL0033988, Cutout shoulder geo print dress, Dress,89.95,58.95, Off-white/teal/black, Off-white, Polyester
CL0036997, Two tone floral print sundress, Dress,89.95,62.95, Off-white/deep navy, Off-white, Polyester Crepe de Chine
CL0036272, Olivia dress, Dress,59.95,59.95, Khaki, Khaki, Cotton
CL0036975, Floral embellished cotton voile dress, Dress,66.95,46.95, White/pink, White, Cotton
CL0036991, Smocked waist jersey knit skirt, Skirt,61.95,43.95, Loden green, Loden green, Viscose Spandex
CL0034979, Pearl beaded illusion chiffon gown, Dress,106.95,64.95, Ivory, Ivory, Polyester
CL0036267, Amelia dress, Dress,69.95,69.95, Khaki, Khaki, Cotton
CL0037000, Watercolor floral print crepe blouson dress, Dress,119.95,83.95, Off-white/blue multi, Off-white, Polyester Crepe de Chine
CL0036964, Floral hem crepe shift dress, Dress,79.95,55.95, Off-white multi, Off-white multi, Polyester Crepe de Chine
CL0036998, Floral print fit-and-flare sundress, Dress,99.95,69.95, Off-white multi, Off-white multi, Polyester Crepe de Chine
CL0036790, Floral splash print crop tank, Top,49.95,29.95, Beige/fuchsia/black, Beige, Cotton Polyester Spandex
CL0036884, Stripe chiffon print angled hem dress, Dress,79.95,47.95, Black/white, Black, Polyester
CL0035562, Floral border print cotton dress, Dress,99.95,59.95, White multi/loden, White multi, Cotton Spandex
CL0036880, Belted cotton paisley print skirt, Skirt,89.95,53.95, Deep gray multi, Deep gray multi, Cotton
CL0037106, Graphic stripe jersey tank dress, Dress,89.95,67.95, White/olive/deep green, White, Cotton Rayon Spandex
CL0036822, Eyelet cotton elastic drawstring skirt, Skirt,79.95,47.95, Light mint blue, Light mint blue, Cotton
CL0036987, Tiered cotton voile maxi dress, Dress,81.95,57.95, White/turquoise, White, Cotton
CL0036852, Floral print cotton knit shirtdress, Dress,69.95,48.95, Navy multi, Navy multi, Cotton Spandex
CL0036898, Swiss dot cotton sleeveless shirt, Top,49.95,29.95, White/banana, White, Cotton
CL0036992, Floral embellished cotton voile dress, Dress,76.95,53.95, White/gold, White, Cotton
CL0037035, V-neck strap crop tank, Top,39.95,29.95, Cream/black, Cream, Cotton
CL0037017, Graphic floral piped trim dress, Dress,89.95,62.95, Celadon green multi, Celadon green multi, Polyester Crepe de Chine
CL0036847, Floral embellished voile caftan top, Top,71.95,43.95, White/turquoise/yellow, White, Cotton
CL0037023, Floral print cotton sateen pencil skirt, Skirt,119.95,83.95, Off-white multi, Off-white multi, Cotton Polyester Spandex
CL0036974, Notch neck graphic floral dress, Dress,79.95,55.95, Celadon green multi, Celadon green multi, Polyester Crepe de Chine
CL0036589, Floral scallop drawstring maxi dress, Dress,106.95,64.95, White, White, Cotton
CL0036903, Cotton pinstripe embellished shift dress, Top,66.95,46.95, White/deep gray, White, Cotton
CL0036879, Jersey knit surplice blouson top, Top,74.95,44.95, Loden green, Loden green, Viscose Spandex
CL0035086, Seamed empire leaf print georgette dress, Dress,64.95,45.95, Pale lime/green/black, Pale lime, Polyester
CL0036859, Pintuck pleat floral trapeze dress, Dress,89.95,53.95, Aqua/orange multi, Aqua, Polyester
CL0036860, Pintuck pleat crinkle cotton trapeze dress, Dress,69.95,48.95, Sunset yellow, Sunset yellow, Cotton
CL0031294, Banded stripe poplin skirt, Skirt,59.95,44.95, Spring green/white, Spring green, Cotton
CL0036846, Flutter sleeve gingham check shift dress, Dress,59.95,38.95, Black/white, Black, Cotton Linen
CL0036896, Empire waist stretch ottoman dress, Dress,99.95,99.95, Teal green, Teal green, Cotton Polyester Spandex
CL0036901, Side button cotton knit skirt, Skirt,49.95,34.95, Maize yellow, Maize yellow, Cotton Spandex
CL0036851, Embellished organza contrast trim shirtdress, Dress,119.95,77.95, Off-white/black/red, Off-white, Polyester
CL0037034, Piped trim cotton poplin skirt, Skirt,49.95,37.95, Banana yellow/cream, Banana yellow, Cotton
CL0036889, Tile print cotton trapeze dress, Dress,79.95,51.95, Navy/white/orange, Navy, Cotton
CL0036844, Graphic dog print cotton knit dress, Dress,69.95,45.95, Deep navy/white, Deep navy, Cotton Spandex
CL0036937, Lace waist cotton knit maxi dress, Dress,79.95,55.95, Orange/champagne, Orange, Viscose Spandex
CL0034776, Floral embroidered tulle poplin dress, Dress,96.95,96.95, Off-white/khaki, Off-white, Cotton Polyester
CL0033208, Adelyn dress, Dress,86.95,65.95, Khaki/deep navy, Khaki, Cotton
CL0037054, Mixed media sheer tulle insert dress, Dress,84.95,63.95, Black/green multi, Black, Cotton Polyester
CL0036828, Dolman sleeve sequin mesh gown, Dress,139.95,139.95, Silver gray, Silver gray, Polyester Metallic
CL0037004, Crinkle cotton elastic waist skirt, Skirt,49.95,37.95, White/light blue, White, Cotton
CL0036912, Embellished hem cotton knit full skirt, Skirt,76.95,53.95, Leaf green/gold, Leaf green, Cotton
CL0037016, Polka dot jacquard pleated skirt, Skirt,89.95,67.95, Off-white/navy, Off-white, Cotton
CL0036908, Embellished hem cotton knit full skirt, Skirt,76.95,53.95, Maize yellow/gold, Maize yellow, Cotton Spandex
CL0036667, Angled hem graphic bib chiffon tunic, Dress,76.95,46.95, Strawberry ice/orange/white, Strawberry ice, Polyester
CL0035800, Contrast banded trim poplin shirtdress, Dress,64.95,42.95, Poppy red/white, Poppy red, Cotton
CL0036913, Floral dot print chiffon asymmetrical tunic, Top,59.95,41.95, Ivory/coral/black, Ivory, Polyester
CL0032948, Owl embellished two tone poplin dress, Dress,76.95,53.95, Black/loden green, Black, Cotton
CL0036893, Megan dress, Dress,106.95,106.95, Off-white/sunset gold, Off-white, Cotton Polyester
CL0037102, Chevron stripe colorblock maxi dress, Dress,99.95,79.95, Poppy red/white/deep navy, Poppy red, Cotton
CL0035806, Piped trim poplin A-line dress, Dress,69.95,45.95, Poppy red/white, Poppy red, Cotton
CL0036905, Heather knit open front cardigan, Jacket,59.95,41.95, Sea green/off-white, Sea green, Cotton Polyester
CL0036900, Ella dress, Dress,149.95,104.95, Cream, Cream, Polyester
CL0036812, Floral graphic print crepe pants, Pant,79.95,47.95, Black multi, Black multi, Polyester
CL0037019, Bold stripe cold shoulder knit top, Top,49.95,37.95, Black/white, Black, Cotton
CL0036865, Summer floral cotton shirtdress, Dress,79.95,55.95, White multi, White multi, Cotton Spandex
CL0036955, Cotton knit drop yoke skirt, Skirt,54.95,38.95, Maize yellow, Maize yellow, Cotton Spandex
CL0036914, Piped trim stripe print sundress, Dress,89.95,62.95, Cream/black multi, Cream, Cotton
CL0036832, Strapless floral embroidered lace sheath, Dress,129.95,129.95, Sunset yellow, Sunset yellow, Polyester
CL0036906, Side button cotton knit skirt, Skirt,49.95,34.95, Crimson red, Crimson red, Cotton Spandex
CL0036945, Mosaic tile print drop yoke skirt, Skirt,59.95,41.95, Black multi, Black multi, Polyester Crepe de Chine
CL0036938, Eyelet and floral print popover back dress, Dress,79.95,55.95, White/cream multi, White, Cotton
CL0036959, Floral stripe print sateen skirt, Skirt,64.95,45.95, Off-white/black, Off-white, Cotton Spandex
CL0036870, Jersey knit surplice blouson top, Top,74.95,44.95, Coral, Coral, Viscose Spandex
CL0036918, Graphic stripe print sash-waist dress, Dress,89.95,62.95, Olive multi, Olive multi, Cotton
CL0036920, Banded back graphic mesh dress, Dress,89.95,62.95, Off-white, Off-white, Nylon Polyester
CL0036926, Graphic belt floral chiffon dress, Dress,69.95,48.95, Olive/off-white/black, Olive, Polyester
CL0036927, Belted check print cotton dress, Dress,79.95,55.95, Celadon green multi, Celadon green multi, Cotton
CL0036774, Floral lace cocktail sheath dress, Dress,149.95,149.95, Red, Red, Cotton Nylon
CL0036953, Contrast collar heart print shirtdress, Dress,59.95,41.95, Peach/off-white/brown, Peach, Cotton
CL0036965, Island print cotton banded back dress, Dress,64.95,45.95, Aqua multi, Aqua multi, Cotton
CL0036931, Ruffle trim trapeze jersey dress, Dress,89.95,44.95, Deep olive, Deep olive, Viscose Spandex
CL0037105, Asymmetric hem jersey tank dress, Dress,79.95,55.95, Black/off-white, Black, Cotton Rayon Spandex
CL0036915, Embellished A-line chambray skirt, Skirt,66.95,46.95, Deep indigo multi, Deep indigo multi, Cotton
CL0036897, Tile border print chiffon dress, Dress,79.95,51.95, Deep brown/peach/mint, Deep brown, Polyester
CL0036886, Floral burnout organza empire dress, Dress,149.95,149.95, Blush/white, Blush, Polyester
CL0037061, Jersey knit popover midi dress, Dress,99.95,69.95, Coral, Coral, Viscose Spandex
CL0037086, Chevron stripe colorblock maxi dress, Dress,99.95,79.95, Deep navy/white/surf blue, Deep navy, Cotton
CL0037079, Graphic print cutout bow back sundress, Dress,69.95,52.95, Deep navy/red/white, Deep navy, Cotton
CL0036039, Floral lace strapless mermaid dress, Dress,399.95,399.95, Off-white, Off-white, Nylon
CL0036594, Drawstring crepe stripe shirtdress, Dress,79.95,47.95, Off-white/black, Off-white, Polyester Crepe de Chine
CL0036972, Floral dot print high-low hem dress, Dress,99.95,69.95, Deep navy/yellow/white, Deep navy, Cotton
CL0037068, Racer back cotton poplin shirtdress, Dress,59.95,44.95, Surf blue, Surf blue, Cotton Spandex
CL0036983, Heather stripe knit faux-wrap skirt, Skirt,44.95,31.95, Black/gray, Black, Cotton Spandex
CL0036902, Graphic floral print colorblock dress, Dress,89.95,62.95, Black/cream/navy multi, Black, Cotton Spandex
CL0037020, Lace-up neck tiered knit dress, Dress,69.95,52.95, Coral, Coral, Viscose Spandex
CL0037074, Tie front heather knit shrug, Jacket,39.95,29.95, Light indigo, Light indigo, Polyester
CL0036848, Cotton knit elastic drawstring skirt, Skirt,54.95,38.95, Purple, Purple, Cotton Spandex
CL0037030, Floral stripe print corset dress, Dress,59.95,44.95, Red/cream, Red, Cotton
CL0037175, Floral print georgette maxi dress, Dress,99.95,74.95, Pale blue/orange/brown, Pale blue, Polyester
CL0037001, Graphic rose stripe print shift dress, Dress,89.95,67.95, Navy/white, Navy, Polyester Crepe de Chine
CL0037003, Leaf print crepe popover midi dress, Dress,99.95,69.95, Off-white/blue multi, Off-white, Polyester Crepe de Chine
CL0037085, Chevron stripe colorblock maxi dress, Dress,99.95,79.95, Black/white/eggplant, Black, Cotton
CL0036457, Floral print chiffon peasant blouse, Top,86.95,56.95, Light blue multi, Light blue multi, Polyester
CL0037082, Pleated surplice cotton knit wrap dress, Dress,79.95,59.95, Purple, Purple, Cotton Spandex
CL0032794, Belted chambray denim shirtdress, Dress,64.95,48.95, Deep indigo, Deep indigo, Cotton
CL0036148, Notch neck belted crepe print dress, Dress,79.95,39.95, Black/off-white, Black, Polyester Crepe de Chine
CL0037042, Chevron stripe high-low tee with split back, Top,69.95,52.95, Black/gray, Black, Cotton Spandex
CL0037036, Elastic waist faux wrap knit skirt, Skirt,54.95,38.95, Orange, Orange, Cotton Spandex
CL0037064, Tie front cotton knit shrug, Jacket,39.95,29.95, Black, Black, Cotton Spandex
CL0036979, Watercolor splash print crepe tunic dress, Dress,79.95,55.95, Off-white/blue multi, Off-white, Polyester Crepe de Chine
CL0031423, Cotton poplin wrap blouse, Top,49.95,37.95, Spring green, Spring green, Cotton
CL0027619, Floral drawstring front dress, Dress,96.95,67.95, Poppy red/cream, Poppy red, Cotton
CL0036028, Ruffle back detail flared silk gown, Dress,699.95,699.95, Ivory, Ivory, Silk
CL0026054, Shawl collar poplin shirtdress, Dress,59.95,41.95, Poppy red, Poppy red, Cotton
CL0033770, Belted chambray denim shirtdress, Dress,64.95,48.95, Deep indigo, Deep indigo, Cotton
CL0036441, Piped trim cotton eyelet dress, Dress,144.95,86.95, Off-white, Off-white, Cotton
CL0036917, Embellished belt mixed print dress, Dress,86.95,60.95, Navy/off-white, Navy, Cotton Polyester
CL0036758, Seagull print pleated cotton knit dress, Dress,89.95,67.95, Light blue/white/black, Light blue, Cotton Spandex
CL0037110, Pleat front chambray denim maxi dress, Dress,69.95,52.95, Indigo, Indigo, Cotton
CL0032128, Ribbon illusion yoke tank top, Top,39.95,29.95, Spring green, Spring green, Cotton
CL0028105, Sash belted cotton poplin dress, Dress,64.95,45.95, Poppy red, Poppy red, Cotton
CL0031292, Retro poplin shirtdress, Dress,71.95,53.95, Spring green, Spring green, Cotton
CL0027563, Floral folk embellished shift dress, Dress,76.95,53.95, Poppy red multi, Poppy red multi, Cotton
CL0037049, Pinstripe cotton knit dress, Dress,59.95,44.95, Black/gray/white, Black, Cotton Spandex
CL0032311, Cotton knit fit and flare dress, Dress,69.95,52.95, Bottle green, Bottle green, Cotton Spandex
CL0034436, Contrast trim cotton knit dress, Dress,74.95,56.95, Royal blue/black, Royal blue, Cotton Spandex
CL0037056, Beaded tulle A-line gown, Dress,499.95,499.95, Off-white, Off-white, Polyester
CL0037113, Graphic floral vine print cotton dress, Dress,99.95,74.95, Indigo multi, Indigo multi, Cotton
CL0037039, Floral stripe print belted dress, Dress,59.95,44.95, Red/cream, Red, Cotton
CL0036925, Cotton eyelet piped trim sundress, Dress,99.95,69.95, Prussian blue/royal blue, Prussian blue, Cotton
CL0037070, Bow tie cutout back cotton knit dress, Dress,74.95,56.95, Orange, Orange, Cotton Spandex
CL0037164, One-shoulder satin gown, Dress,99.95,99.95, Cement gray, Cement gray, Polyester Nylon
CL0037059, Colorblock high-low cotton poplin dress, Dress,74.95,74.95, Deep navy/surf blue, Deep navy, Cotton
CL0037028, Floral bib tile print chiffon maxi dress, Dress,96.95,72.95, Deep brown/peach/mint, Deep brown, Polyester
CL0037096, Elastic waist gingham maxi dress, Dress,69.95,52.95, Black/white, Black, Cotton
CL0037109, Embellished poplin shift dress, Dress,96.95,72.95, Black/indigo/gold, Black, Cotton
CL0037111, Embellished chambray shift dress, Dress,81.95,61.95, Indigo/deep navy, Indigo, Cotton
CL0037065, Beaded tulle scallop trim dress, Dress,699.95,699.95, Off-white, Off-white, Polyester
CL0036635, Floral embellished tulle strapless gown, Dress,499.95,499.95, Ivory, Ivory, Cotton Polyester
CL0037165, Cutout back jersey knit gown, Dress,119.95,119.95, Coral, Coral, Viscose Spandex
CL0036944, Silk dupioni strapless wedding dress, Dress,299.95,299.95, Off-white, Off-white, Silk
CL0032954, Cross tie front cotton knit dress, Dress,69.95,52.95, Bottle green, Bottle green, Cotton Spandex
CL0037118, Embellished silk organza dress, Dress,699.95,699.95, Off-white, Off-white, Silk
CL0036582, Floral embellished tulle gown, Dress,599.95,599.95, Ivory, Ivory, Cotton Polyester
CL0036066, Fluted crepe back satin silk dress, Dress,699.95,699.95, Off-white, Off-white, Silk
CL0037047, Shelley dress, Dress,59.95,59.95, Surf blue, Surf blue, Cotton
CL0037156, Chevron stripe colorblock maxi dress, Dress,99.95,79.95, Spring green/white/deep navy, Spring green, Cotton
CL0032089, Illusion polka dot embellished poplin dress, Dress,81.95,61.95, Spring green/black, Spring green, Cotton
CL0031241, Graphic embroidery retro dress, Dress,76.95,57.95, Spring green, Spring green, Cotton
CL0031216, Chelsea dress, Dress,59.95,44.95, Spring green, Spring green, Cotton
CL0031286, Floral embellished faux-wrap dress, Dress,76.95,57.95, Spring green, Spring green, Cotton
CL0031215, Pleat waist poplin shirtdress, Dress,64.95,48.95, Spring green, Spring green, Cotton
CL0031588, Chevron stripe colorblock maxi dress, Dress,99.95,74.95, Spring green/black/white, Spring green, Cotton
CL0031495, Contrast banded stripe sheath dress, Dress,64.95,48.95, Spring green/white, Spring green, Cotton
CL0031217, Havana dress, Dress,59.95,44.95, Spring green, Spring green, Cotton
CL0031218, Cotton poplin sheath dress, Dress,59.95,44.95, Spring green, Spring green, Cotton
CL0031259, Virginia dress, Dress,66.95,50.95, Spring green, Spring green, Cotton
CL0031289, Tie neck cotton poplin dress, Dress,59.95,44.95, Spring green, Spring green, Cotton
CL0031242, Floral embellished sweetheart poplin dress, Dress,96.95,72.95, Spring green, Spring green, Cotton
CL0031288, Ruffle front poplin dress, Dress,69.95,52.95, Spring green, Spring green, Cotton
CL0032199, Beaded cotton poplin sheath dress, Dress,86.95,65.95, Spring green, Spring green, Cotton
CL0031267, Embellished stripe waist poplin dress, Dress,76.95,57.95, Spring green multi, Spring green multi, Cotton
CL0031287, Sash waist poplin skirt, Skirt,59.95,44.95, Spring green, Spring green, Cotton
CL0031947, Colorblock retro poplin frock, Dress,59.95,44.95, Black/spring green, Black, Cotton
